0
3
15
9999
4
2
11
9
9999
4
3
2
6
180
72
31
40
2
15
1
3
0
12
13
18
9
10
12
9999
8
7
18
27
36
41
30
24
8
36
93
15
12
0
9999
28
7
8
18
17
28
34
37
63
43
21
36
9999
71
39
41
9999
13
9999
0
87
14
52
5
35
24
14
1
65
75
41
10
15
48
95
24
4
18
28
87
0
15
17
54
75
24
65
42
24
54
17
4
65
5
9
11
2
9
7
14
15
0
7
89
45
75
14
25
52
65
35
47
84
71
17
4
11
10
8
52
17
7
0
54
14
48
75
54
65
25
14
110
54
17
8
6
9
12
18
5
54
89
54
0
12
14
42
54
24
15
7
47
54
87
65
41
9999
9999
17
35
75
45
14
12
0
74
48
75
57
41
1
5
48
47
61
5
4
8
28
24
24
75
48
14
74
0
9999
15
14
17
18
81
78
147
98
7
3
7
34
14
65
14
75
42
48
9999
0
19
14
25
65
110
20
30
41
24
2
18
37
1
42
25
54
54
75
15
19
0
58
45
51
8
97
9
18
32
6
27
63
65
24
52
65
24
57
14
14
58
0
54
74
14
47
84
24
19
180
36
43
75
54
65
25
15
41
17
25
45
54
0
9999
49
71
38
24
36
72
41
21
41
17
35
14
7
1
18
65
51
74
9999
0
78
38
9
6
2
31
30
36
10
4
47
110
47
5
81
110
8
14
49
64
0
36
24
10
5
40
24
9999
15
65
84
54
54
48
78
20
97
47
71
36
108
0
61
48
9
2
8
71
48
5
71
17
87
47
147
30
9
84
38
24
61
61
0
9999
1
15
36
39
95
9
17
8
65
61
98
41
18
24
24
10
48
48
9999
0
8
1
93
41
24
11
4
6
41
5
7
21
32
19
36
5
9
9
1
8
0



 







